The average siz of HBLL is: 70.1142
The point of Q is: 600
The query of Q is: 6
D = 2: optmc is 6521ms, loop is 1 ms.
Ratio = 0.999847
D = 4: optmc is 126449ms, loop is 1 ms.
Ratio = 0.999992
D = 6: optmc is 355651ms, loop is 0 ms.
Ratio = 1
