The average siz of HBLL is: 70.1142
The point of Q is: 600
The query of Q is: 6
D = 2: optmc is 6545ms, loop is 0 ms.
Ratio = 1
D = 4: optmc is 125757ms, loop is 1 ms.
Ratio = 0.999992
D = 6: optmc is 354301ms, loop is 1 ms.
Ratio = 0.999997
