The average siz of HBLL is: 70.1142
The point of Q is: 600
The query of Q is: 6
D = 2: optmc is 7540ms, loop is 0 ms.
Ratio = 1
D = 4: optmc is 133244ms, loop is 1 ms.
Ratio = 0.999992
D = 6: optmc is 364557ms, loop is 1 ms.
Ratio = 0.999997
