The average siz of HBLL is: 70.1142
The point of Q is: 4000
The query of Q is: 4
D = 2: optmc is 258736ms, loop is 2 ms.
Ratio = 0.999992
D = 4: optmc is 5.42199e+06ms, loop is 1 ms.
Ratio = 1
D = 6: optmc is 3.19937e+07ms, loop is 0 ms.
Ratio = 1
